,beat,chord,chord_end
0,0.47888841,N,1.034443
1,1.03444341,N,1.589998
2,1.58999841,N,2.145553
3,2.14555341,N,2.701108
4,2.70110841,N,3.256663
5,3.2566634100000003,N,3.812218
6,3.81221841,N,4.367773
7,4.36777341,N,4.923328
8,4.92332841,N,5.478883
9,5.47888341,N,6.034438
10,6.03443841,N,6.589993
11,6.58999341,N,7.145548
12,7.14554841,N,7.701103
13,7.70110341,N,8.256658
14,8.25665841,N,8.812213
15,8.81221341,N,9.367768
16,9.36776841,N,9.923323
17,9.923323409999998,N,10.478878
18,10.478878409999998,N,11.034433
19,11.034433409999998,N,11.589988
20,11.589988409999998,N,12.145543
21,12.145543409999998,N,12.701098
22,12.701098409999998,F:maj,14.923318
23,13.256653409999998,,
24,13.812208409999998,,
25,14.367763409999998,,
26,14.923318409999998,F:maj,15.478873
27,15.47887341,C:maj,17.145538
28,16.034428409999997,,
29,16.58998341,,
30,17.145538409999997,C:maj,17.701093
31,17.70109341,F:maj,19.367758
32,18.25664841,,
33,18.81220341,,
34,19.367758410000004,F:maj,19.923313
35,19.92331341,C:maj,21.589978
36,20.478868410000004,,
37,21.03442341,,
38,21.589978410000004,C:maj,22.145533
39,22.14553341,F:maj,23.256643
40,22.701088410000004,,
41,23.25664341,D:min,23.812198
42,23.812198410000004,D:min,24.367753
43,24.36775341,G:min,26.034418
44,24.923308410000004,,
45,25.47886341,,
46,26.03441841,G:min,27.701083
47,26.58997341,,
48,27.14552841,,
49,27.701083410000003,C:maj,28.256638
50,28.25663841,C:maj,30.478858
51,28.812193410000003,,
52,29.36774841,,
53,29.923303410000003,,
54,30.47885841,C:maj/5,32.701078
55,31.034413410000003,,
56,31.58996841,,
57,32.14552341,,
58,32.70107841,C:maj,33.256633
59,33.25663341,F:maj,34.923298
60,33.812188410000005,,
61,34.36774341,,
62,34.92329841,F:maj,35.478853
63,35.47885341,D:min,37.145518
64,36.03440841,,
65,36.58996341,,
66,37.14551841,D:min,37.701073
67,37.70107341,A:min,38.812183
68,38.25662841,,
69,38.81218341,G:min,39.367738
70,39.36773841,G:min,39.923293
71,39.92329340999999,C:maj,41.589958
72,40.47884840999999,,
73,41.03440341,,
74,41.58995841,C:maj,43.812178
75,42.14551340999999,,
76,42.70106840999999,,
77,43.25662341,,
78,43.81217841,C:maj,46.034398
79,44.36773340999999,,
80,44.92328840999999,,
81,45.47884341,,
82,46.03439841,C:maj,48.812173
83,46.58995340999999,,
84,47.14550840999999,,
85,47.70106341,,
86,48.25661841,,
87,48.81217340999999,C:maj/5,49.923283
88,49.36772840999999,,
89,49.92328341,F:maj/3,51.034393
90,50.47883841,,
91,51.03439340999999,C:maj,53.256613
92,51.58994840999999,,
93,52.14550341,,
94,52.70105841,,
95,53.25661340999999,F:maj,55.478833
96,53.81216840999999,,
97,54.36772341,,
98,54.92327841,,
99,55.47883340999999,C:maj,57.701053
100,56.03438840999999,,
101,56.58994341,,
102,57.14549841,,
103,57.70105340999999,F:maj,59.923273
104,58.25660840999999,,
105,58.81216341,,
106,59.36771841,,
107,59.92327340999999,C:maj/5,62.145493
108,60.47882840999999,,
109,61.03438341,,
110,61.58993841,,
111,62.14549340999999,F:maj,64.367713
112,62.70104840999999,,
113,63.25660341,,
114,63.81215841,,
115,64.36771341,D:min,66.589933
116,64.92326840999999,,
117,65.47882340999999,,
118,66.03437840999999,,
119,66.58993341,G:min,67.701043
120,67.14548841,,
121,67.70104341,F:maj,68.812153
122,68.25659841,,
123,68.81215341,C:maj,71.034373
124,69.36770840999999,,
125,69.92326340999999,,
126,70.47881840999999,,
127,71.03437341,F:maj,73.256593
128,71.58992841,,
129,72.14548341,,
130,72.70103841,,
131,73.25659341,C:maj,75.478813
132,73.81214840999999,,
133,74.36770340999999,,
134,74.92325840999999,,
135,75.47881341,F:maj,77.701033
136,76.03436841,,
137,76.58992341,,
138,77.14547841,,
139,77.70103341,C:maj/5,79.923253
140,78.25658840999999,,
141,78.81214340999999,,
142,79.36769840999999,,
143,79.92325341,F:maj,82.145473
144,80.47880841,,
145,81.03436341,,
146,81.58991841,,
147,82.14547341,D:min,84.367693
148,82.70102840999999,,
149,83.25658340999999,,
150,83.81213840999999,,
151,84.36769341,G:min,85.478803
152,84.92324841,,
153,85.47880341,F:maj,86.034358
154,86.03435841,C:maj,86.589913
155,86.58991341,F:maj,88.812133
156,87.14546840999999,,
157,87.70102340999999,,
158,88.25657840999999,,
159,88.81213340999999,D:min,90.478798
160,89.36768841,,
161,89.92324341,,
162,90.47879841,C:maj,91.034353
163,91.03435341,D:min,92.145463
164,91.58990841,,
165,92.14546341,C:maj,93.256573
166,92.70101841,,
167,93.25657341,D:min,95.478793
168,93.81212841,,
169,94.36768341,,
170,94.92323841,,
171,95.47879341,G:min,96.589903
172,96.03434841,,
173,96.58990341,C:maj,97.701013
174,97.14545841,,
175,97.70101341,D:min,99.367678
176,98.25656841,,
177,98.81212341,,
178,99.36767841,C:maj,99.923233
179,99.92323341,D:min,101.034343
180,100.47878841,,
181,101.03434341,C:maj,102.145453
182,101.58989841,,
183,102.14545341,D:min,104.367673
184,102.70100841,,
185,103.25656341,,
186,103.81211841,,
187,104.36767341,G:min,105.478783
188,104.92322841,,
189,105.47878341,C:maj,106.589893
190,106.03433841,,
191,106.58989341,C:maj,107.701003
192,107.14544841,,
193,107.70100341,F:maj,108.812113
194,108.25655841,,
195,108.81211341,C:maj,109.923223
196,109.36766841,,
197,109.92322341,F:maj,111.034333
198,110.47877841,,
199,111.03433341,D:min,112.145443
200,111.58988841,,
201,112.14544341,C:maj,113.256553
202,112.70099841,,
203,113.25655341,C:maj,115.478773
204,113.81210841,,
205,114.36766341,,
206,114.92321841,,
207,115.47877341,C:maj,117.700993
208,116.03432841,,
209,116.58988341,,
210,117.14543841,,
211,117.70099341,F:maj,119.923213
212,118.25654841,,
213,118.81210341,,
214,119.36765841,,
215,119.92321341,F:maj,122.145433
216,120.47876841,,
217,121.03432341,,
218,121.58987841,,
219,122.14543341,F:maj,124.367653
220,122.70098841,,
221,123.25654341,,
222,123.81209841,,
223,124.36765341,F:maj,125.478763
224,124.92320841,,
225,125.47876341,C:maj,126.589873
226,126.03431841,,
227,126.58987341,G:min,128.812093
228,127.14542841,,
229,127.70098341,,
230,128.25653841,,
231,128.81209341,Bb:maj,131.034313
232,129.36764841,,
233,129.92320341,,
234,130.47875840999998,,
235,131.03431340999998,C:maj,133.256533
236,131.58986841,,
237,132.14542341,,
238,132.70097841,,
239,133.25653341,F:maj,134.367643
240,133.81208841,,
241,134.36764341,D:min,135.478753
242,134.92319841,,
243,135.47875341,C:maj,136.589863
244,136.03430841,,
245,136.58986341,F:maj,137.700973
246,137.14541841,,
247,137.70097341,G:min,139.923193
248,138.25652841,,
249,138.81208341,,
250,139.36763840999998,,
251,139.92319340999998,C:maj,142.145413
252,140.47874840999998,,
253,141.03430341,,
254,141.58985841,,
255,142.14541341,F:maj,143.256523
256,142.70096841,,
257,143.25652341,D:min,144.367633
258,143.81207841,,
259,144.36763341000002,C:maj,146.589853
260,144.92318841000002,,
261,145.47874341000002,,
262,146.03429841000002,,
263,146.58985341000002,F:maj,147.700963
264,147.14540841000002,,
265,147.70096341,D:min,148.812073
266,148.25651841,,
267,148.81207341,C:maj,151.034293
268,149.36762841,,
269,149.92318341,,
270,150.47873841,,
271,151.03429341,F:maj,153.256513
272,151.58984841,,
273,152.14540341,,
274,152.70095841,,
275,153.25651341000005,C:maj,155.478733
276,153.81206841000002,,
277,154.36762341000002,,
278,154.92317841000002,,
279,155.47873341000002,D:min,157.700953
280,156.03428841000002,,
281,156.58984341,,
282,157.14539841,,
283,157.70095341,C:maj,159.923173
284,158.25650841,,
285,158.81206341,,
286,159.36761841,,
287,159.92317341,C:maj,162.145393
288,160.47872841,,
289,161.03428341,,
290,161.58983841,,
291,162.14539341000005,F:maj,164.367613
292,162.70094841000002,,
293,163.25650341000002,,
294,163.81205841000002,,
295,164.36761341000002,C:maj,166.589833
296,164.92316841000002,,
297,165.47872341,,
298,166.03427841,,
299,166.58983341,F:maj,168.812053
300,167.14538841,,
301,167.70094341,,
302,168.25649841,,
303,168.81205341,C:maj/5,171.034273
304,169.36760841,,
305,169.92316341,,
306,170.47871841,,
307,171.03427341,F:maj,173.256493
308,171.58982841000002,,
309,172.14538341000002,,
310,172.70093841000002,,
311,173.25649341000002,D:min,175.478713
312,173.81204841000002,,
313,174.36760341000002,,
314,174.92315841,,
315,175.47871341,G:min,176.589823
316,176.03426841,,
317,176.58982341,F:maj,177.700933
318,177.14537841,,
319,177.70093341,C:maj,179.923153
320,178.25648841,,
321,178.81204341,,
322,179.36759841,,
323,179.92315341,F:maj,182.145373
324,180.47870841,,
325,181.03426341,,
326,181.58981841,,
327,182.14537341,C:maj,184.367593
328,182.70092841,,
329,183.25648341,,
330,183.81203841,,
331,184.36759341,F:maj,186.589813
332,184.92314841,,
333,185.47870341,,
334,186.03425841,,
335,186.58981341,C:maj/5,188.812033
336,187.14536841,,
337,187.70092341,,
338,188.25647841,,
339,188.81203341,F:maj,191.034253
340,189.36758841,,
341,189.92314341,,
342,190.47869841,,
343,191.03425341,D:min,193.256473
344,191.58980841,,
345,192.14536341,,
346,192.70091841,,
347,193.25647341,G:min,194.367583
348,193.81202841,,
349,194.36758341,F:maj,194.923138
350,194.92313841,C:maj,195.478693
351,195.47869341,F:maj,197.700913
352,196.03424841,,
353,196.58980341,,
354,197.14535841,,
355,197.70091341,D:min,199.367578
356,198.25646841,,
357,198.81202341,,
358,199.36757841,C:maj,199.923133
359,199.92313341,D:min,201.034243
360,200.47868841,,
361,201.03424341,C:maj,202.145353
362,201.58979841,,
363,202.14535341,D:min,204.367573
364,202.70090841,,
365,203.25646341,,
366,203.81201841,,
367,204.36757341,G:min,205.478683
368,204.92312841,,
369,205.47868341,C:maj,206.589793
370,206.03423841,,
371,206.58979341,D:min,208.256458
372,207.14534841000005,,
373,207.70090341,,
374,208.25645841,C:maj,208.812013
375,208.81201341,D:min,209.923123
376,209.36756841,,
377,209.92312341,C:maj,211.034233
378,210.47867841,,
379,211.03423341,D:min,213.256453
380,211.58978841,,
381,212.14534341,,
382,212.70089841,,
383,213.25645341,G:min,214.367563
384,213.81200841,,
385,214.36756341,C:maj,215.478673
386,214.92311841,,
387,215.47867341,C:maj,216.589783
388,216.03422841,,
389,216.58978341,F:maj,217.700893
390,217.14533841,,
391,217.70089341,C:maj,218.812003
392,218.25644841,,
393,218.81200341,F:maj,219.923113
394,219.36755841,,
395,219.92311341,D:min,221.034223
396,220.47866841,,
397,221.03422341,C:maj,222.145333
398,221.58977841,,
399,222.14533341,C:maj,224.367553
400,222.70088841,,
401,223.25644341,,
402,223.81199841,,
403,224.36755341,C:maj,226.589773
404,224.92310841,,
405,225.47866341,,
406,226.03421841,,
407,226.58977341,F:maj,228.811993
408,227.14532841,,
409,227.70088341,,
410,228.25643841,,
411,228.81199341,D:min,230.478658
412,229.36754841,,
413,229.92310341,,
414,230.47865841,C:maj,231.034213
415,231.03421341,D:min,232.145323
416,231.58976841,,
417,232.14532341,C:maj,233.256433
418,232.70087841,,
419,233.25643341,D:min,235.478653
420,233.81198841,,
421,234.36754341,,
422,234.92309841,,
423,235.47865341,G:min,236.589763
424,236.03420841,,
425,236.58976341,C:maj,237.700873
426,237.14531841,,
427,237.70087341,D:min,239.367538
428,238.25642841,,
429,238.81198341,,
430,239.36753841,C:maj,239.923093
431,239.92309341,D:min,241.034203
432,240.47864841,,
433,241.03420341,C:maj,242.145313
434,241.58975841,,
435,242.14531341,D:min,244.367533
436,242.70086841,,
437,243.25642341,,
438,243.81197841,,
439,244.36753341,G:min,245.478643
440,244.92308841,,
441,245.47864341,C:maj,246.589753
442,246.03419841,,
443,246.58975341,C:maj,247.700863
444,247.14530841,,
445,247.70086341,F:maj,248.811973
446,248.25641841,,
447,248.81197341,C:maj,249.923083
448,249.36752841,,
449,249.92308341,F:maj,251.034193
450,250.47863841,,
451,251.03419341,D:min,252.145303
452,251.58974841,,
453,252.14530341000005,C:maj,253.256413
454,252.70085841,,
455,253.25641341,C:maj,255.478633
456,253.81196841,,
457,254.36752341,,
458,254.92307841,,
459,255.47863341,C:maj,257.700853
460,256.03418841,,
461,256.58974341000004,,
462,257.14529841,,
463,257.70085341000004,F:maj,259.923073
464,258.25640841,,
465,258.81196341000003,,
466,259.36751841,,
467,259.92307341000003,F:maj,262.145293
468,260.47862841,,
469,261.03418341,,
470,261.58973841,,
471,262.14529341,F:maj,264.367513
472,262.70084841,,
473,263.25640341,,
474,263.81195841,,
475,264.36751341,D:min/b3,265.478623
476,264.92306841,,
