,beat,chord,chord_end
0,0.643,N,1.643
1,1.643,N,2.643
2,2.643,F:min,4.643
3,3.643,,
4,4.643,Ab:maj,6.643
5,5.643,,
6,6.643,Eb:maj,8.643
7,7.643,,
8,8.643,Bb:maj,10.643
9,9.643,,
10,10.643,F:min,12.643
11,11.643,,
12,12.643,Ab:maj,14.643
13,13.643,,
14,14.643,Eb:maj,16.643
15,15.643,,
16,16.643,Bb:maj,18.643
17,17.642999999999997,,
18,18.643,F:min,20.643
19,19.643,,
20,20.643,C#:maj,22.643
21,21.643,,
22,22.643,Eb:maj,24.643
23,23.643,,
24,24.643,Ab:maj,26.643
25,25.643,,
26,26.643,C#:maj,28.643
27,27.643,,
28,28.643,Bb:maj,30.643
29,29.643,,
30,30.643,C:maj,34.643
31,31.643,,
32,32.643,,
33,33.643,,
34,34.643,F:sus2,36.643
35,35.643,,
36,36.643,F:min,38.643
37,37.643,,
38,38.643,Bb:min,42.643
39,39.643,,
40,40.643,,
41,41.643,,
42,42.643,Eb:maj,46.643
43,43.643,,
44,44.643,,
45,45.643,,
46,46.643,F:min,50.643
47,47.643,,
48,48.643,,
49,49.643,,
50,50.643,F:sus2,52.643
51,51.643,,
52,52.643,F:min,54.643
53,53.643,,
54,54.643,Bb:min,58.643
55,55.643,,
56,56.643,,
57,57.643,,
58,58.643,Eb:maj,60.643
59,59.643,,
60,60.643,Bb:maj,62.643
61,61.643,,
62,62.643,C:maj,66.643
63,63.643,,
64,64.643,,
65,65.643,,
66,66.643,F:sus2,68.643
67,67.643,,
68,68.643,F:min,70.643
69,69.643,,
70,70.643,Bb:min,74.643
71,71.643,,
72,72.643,,
73,73.643,,
74,74.643,Eb:maj,78.643
75,75.643,,
76,76.643,,
77,77.643,,
78,78.643,F:min,82.643
79,79.643,,
80,80.643,,
81,81.643,,
82,82.643,F:sus2,84.643
83,83.643,,
84,84.643,F:min,86.643
85,85.643,,
86,86.643,Bb:min,90.643
87,87.643,,
88,88.643,,
89,89.643,,
90,90.643,Eb:maj,92.643
91,91.643,,
92,92.643,Bb:maj,94.643
93,93.643,,
94,94.643,C:maj,98.643
95,95.643,,
96,96.643,,
97,97.643,,
98,98.643,F:min,102.643
99,99.643,,
100,100.643,,
101,101.643,,
102,102.643,Bb:min,106.643
103,103.643,,
104,104.643,,
105,105.643,,
106,106.643,Eb:maj,108.643
107,107.643,,
108,108.643,Bb:maj,110.643
109,109.643,,
110,110.643,C#:maj,112.643
111,111.643,,
112,112.643,C:maj,114.643
113,113.643,,
114,114.643,F:min,118.643
115,115.643,,
116,116.643,,
117,117.643,,
118,118.643,Bb:min,122.643
119,119.643,,
120,120.643,,
121,121.643,,
122,122.643,Eb:maj,124.643
123,123.643,,
124,124.643,Bb:maj,126.643
125,125.643,,
126,126.643,C:min,128.643
127,127.643,,
128,128.643,F:min,130.643
129,129.643,,
130,130.643,F:min,134.643
131,131.643,,
132,132.643,,
133,133.643,,
134,134.643,Bb:min,138.643
135,135.643,,
136,136.643,,
137,137.643,,
138,138.643,Eb:maj,140.643
139,139.643,,
140,140.643,Bb:maj,142.643
141,141.643,,
142,142.643,C:min,144.643
143,143.643,,
144,144.643,F:min,146.643
145,145.643,,
146,146.643,F:sus2,148.643
147,147.643,,
148,148.643,F:min,150.643
149,149.643,,
150,150.643,Bb:min,154.643
151,151.643,,
152,152.643,,
153,153.643,,
154,154.643,Eb:maj,158.643
155,155.643,,
156,156.643,,
157,157.643,,
158,158.643,F:min,162.643
159,159.643,,
160,160.643,,
161,161.643,,
162,162.643,F:sus2,164.643
163,163.643,,
164,164.643,F:min,166.643
165,165.643,,
166,166.643,Bb:min,170.643
167,167.643,,
168,168.643,,
169,169.643,,
170,170.643,Eb:maj,172.643
171,171.643,,
172,172.643,Bb:maj,174.643
173,173.643,,
174,174.643,C:maj,178.643
175,175.643,,
176,176.643,,
177,177.643,,
178,178.643,F:min,182.643
179,179.643,,
180,180.643,,
181,181.643,,
182,182.643,Bb:min,186.643
183,183.643,,
184,184.643,,
185,185.643,,
186,186.643,Eb:maj,188.643
187,187.643,,
188,188.643,Bb:maj,190.643
189,189.643,,
190,190.643,C#:maj,192.643
191,191.643,,
192,192.643,C:maj,194.643
193,193.643,,
194,194.643,F:min,198.643
195,195.643,,
196,196.643,,
197,197.643,,
198,198.643,Bb:min,202.643
199,199.643,,
200,200.643,,
201,201.643,,
202,202.643,Eb:maj,204.643
203,203.643,,
204,204.643,Bb:maj,206.643
205,205.643,,
206,206.643,C:min,208.643
207,207.643,,
208,208.643,F:min,210.643
209,209.643,,
210,210.643,F:min,214.643
211,211.643,,
212,212.643,,
213,213.643,,
214,214.643,Bb:min,218.643
215,215.643,,
216,216.643,,
217,217.643,,
218,218.643,Eb:maj,220.643
219,219.643,,
220,220.643,Bb:maj,222.643
221,221.643,,
222,222.643,C#:maj,224.643
223,223.643,,
224,224.643,C:maj,226.643
225,225.643,,
226,226.643,F:min,230.643
227,227.643,,
228,228.643,,
229,229.643,,
230,230.643,Bb:min,234.643
231,231.643,,
232,232.643,,
233,233.643,,
234,234.643,Eb:maj,236.643
235,235.643,,
236,236.643,Bb:maj,238.643
237,237.643,,
238,238.643,C:min,240.643
239,239.643,,
240,240.643,F:min,242.643
241,241.643,,
242,242.643,Bb:min,246.643
243,243.643,,
244,244.643,,
245,245.643,,
246,246.643,C:maj,250.643
247,247.643,,
248,248.643,,
249,249.643,,
250,250.643,C:maj,252.643
251,251.643,,
252,252.643,C#:maj,254.643
253,253.643,,
254,254.643,Eb:maj,256.643
255,255.643,,
256,256.643,F:maj,259.643
257,257.643,,
258,258.643,,
259,259.643,F:maj,262.643
260,260.643,,
261,261.643,,
