,beat,chord,chord_end
0,0.155505598,N,0.822912
1,0.822911598,N,1.490318
2,1.4903175980000003,N,2.157724
3,2.157723598,N,2.82513
4,2.825129598,N,3.492536
5,3.4925355979999995,Bb:maj,4.827348
6,4.159941598,,
7,4.827347597999999,G:min,6.16216
8,5.494753598,,
9,6.162159598000001,F:maj,8.831784
10,6.829565598,,
11,7.496971598,,
12,8.164377598,,
13,8.831783598,Bb:maj,10.166596
14,9.499189598,,
15,10.166595598,F:maj,11.501408
16,10.834001598,,
17,11.501407598,Bb:sus2,12.83622
18,12.168813598,,
19,12.836219598,Bb:maj,14.171032
20,13.503625598,,
21,14.171031598,Bb:maj,16.840656
22,14.838437598,,
23,15.505843598,,
24,16.173249598,,
25,16.840655598,G:min,19.51028
26,17.508061598,,
27,18.175467598,,
28,18.842873598,,
29,19.510279598,Bb:maj,20.845092
30,20.177685598,,
31,20.845091598,Eb:maj,22.179904
32,21.512497598,,
33,22.179903598,F:maj,24.849528
34,22.847309598,,
35,23.514715598,,
36,24.182121598,,
37,24.849527598,G:min,27.519152
38,25.516933598,,
39,26.184339598,,
40,26.851745598,,
41,27.519151598,Eb:maj,30.188776
42,28.186557598,,
43,28.853963598,,
44,29.521369598,,
45,30.188775598,D:sus4,32.8584
46,30.856181598,,
47,31.523587598,,
48,32.190993598,,
49,32.858399598,C:sus4,35.528024
50,33.525805598,,
51,34.193211598,,
52,34.860617598,,
53,35.528023598,Bb:maj,38.197648
54,36.195429598,,
55,36.862835598,,
56,37.530241598,,
57,38.197647598,G:min,40.867272
58,38.865053598,,
59,39.532459598,,
60,40.199865598,,
61,40.867271598,Eb:sus2,43.536896
62,41.534677598,,
63,42.202083598,,
64,42.86948959800001,,
65,43.53689559800001,F:maj,46.20652
66,44.20430159800001,,
67,44.87170759800001,,
68,45.53911359800001,,
69,46.20651959800001,G:min,48.876144
70,46.87392559800001,,
71,47.541331598000006,,
72,48.208737598000006,,
73,48.876143598000006,Eb:maj,51.545768
74,49.543549598000006,,
75,50.210955598000005,,
76,50.878361598000005,,
77,51.545767598000005,F:maj,54.215392
78,52.213173598,,
79,52.880579598,,
80,53.547985598,,
81,54.215391598,Bb:maj,56.885016
82,54.882797598,,
83,55.550203598,,
84,56.217609598,,
85,56.885015598,F:maj,58.219828
86,57.552421598,,
87,58.219827598,G:min,59.55464
88,58.88723359800001,,
89,59.55463959800001,Eb:maj,62.224264
90,60.22204559800001,,
91,60.88945159800001,,
92,61.55685759800001,,
93,62.22426359800001,D:min,64.893888
94,62.89166959800001,,
95,63.55907559800001,,
96,64.226481598,,
97,64.893887598,Eb:maj,66.2287
98,65.561293598,,
99,66.228699598,F:maj,67.563512
100,66.896105598,,
101,67.563511598,C:maj,68.898324
102,68.230917598,,
103,68.898323598,F:maj,71.567948
104,69.565729598,,
105,70.233135598,,
106,70.900541598,,
107,71.567947598,G:min,72.90276
108,72.235353598,,
109,72.902759598,Eb:maj,74.237572
110,73.570165598,,
111,74.237571598,Eb:maj7/7,75.572384
112,74.904977598,,
113,75.572383598,D:min,76.907196
114,76.239789598,,
115,76.907195598,D:min,78.242008
116,77.574601598,,
117,78.242007598,Eb:maj,79.57682
118,78.909413598,,
119,79.576819598,F:maj,80.911632
120,80.244225598,,
121,80.911631598,G:min,82.246444
122,81.579037598,,
123,82.246443598,Bb:maj,84.916068
124,82.913849598,,
125,83.581255598,,
126,84.24866159800001,,
127,84.91606759800001,Bb:maj,87.585692
128,85.58347359800001,,
129,86.25087959800001,,
130,86.91828559800001,,
131,87.58569159800001,Bb:maj,88.920504
132,88.25309759800001,,
133,88.92050359800001,Bb:maj7/7,90.255316
134,89.58790959800001,,
135,90.255315598,G:min,92.92494
136,90.922721598,,
137,91.590127598,,
138,92.257533598,,
139,92.924939598,D:min,95.594564
140,93.592345598,,
141,94.259751598,,
142,94.927157598,,
143,95.594563598,Eb:maj,98.264188
144,96.261969598,,
145,96.929375598,,
146,97.596781598,,
147,98.264187598,Bb:maj,100.933812
148,98.931593598,,
149,99.598999598,,
150,100.266405598,,
151,100.933811598,F:maj,103.603436
152,101.601217598,,
153,102.268623598,,
154,102.936029598,,
155,103.603435598,Bb:maj,106.27306
156,104.270841598,,
157,104.938247598,,
158,105.605653598,,
159,106.273059598,F:sus4,107.607872
160,106.940465598,,
161,107.607871598,G:min,108.942684
162,108.275277598,,
163,108.942683598,F:maj,111.612308
164,109.610089598,,
165,110.277495598,,
166,110.944901598,,
167,111.612307598,Bb:maj,112.94712
168,112.279713598,,
169,112.947119598,F:maj,114.281932
170,113.614525598,,
171,114.281931598,Bb:sus2,115.616744
172,114.949337598,,
173,115.616743598,Bb:maj,116.951556
174,116.284149598,,
175,116.951555598,Bb:maj,119.62118
176,117.618961598,,
177,118.286367598,,
178,118.953773598,,
179,119.621179598,G:min,122.290804
180,120.288585598,,
181,120.955991598,,
182,121.623397598,,
183,122.290803598,Bb:maj,123.625616
184,122.958209598,,
185,123.625615598,Eb:maj,124.960428
186,124.293021598,,
187,124.960427598,F:maj,127.630052
188,125.627833598,,
189,126.295239598,,
190,126.962645598,,
191,127.630051598,G:min,130.299676
192,128.297457598,,
193,128.964863598,,
194,129.632269598,,
195,130.299675598,Eb:maj,132.9693
196,130.967081598,,
197,131.634487598,,
198,132.301893598,,
199,132.969299598,D:sus4,135.638924
200,133.636705598,,
201,134.304111598,,
202,134.971517598,,
203,135.638923598,C:sus4,138.308548
204,136.306329598,,
205,136.973735598,,
206,137.641141598,,
207,138.308547598,Bb:maj,140.978172
208,138.975953598,,
209,139.643359598,,
210,140.310765598,,
211,140.978171598,G:min,143.647796
212,141.645577598,,
213,142.312983598,,
214,142.980389598,,
215,143.647795598,Eb:sus2,146.31742
216,144.315201598,,
217,144.982607598,,
218,145.650013598,,
219,146.317419598,F:maj,148.987044
220,146.984825598,,
221,147.652231598,,
222,148.319637598,,
223,148.987043598,G:min,151.656668
224,149.654449598,,
225,150.32185559799998,,
226,150.98926159799998,,
227,151.65666759799998,Eb:maj,154.326292
228,152.32407359799998,,
229,152.99147959799998,,
230,153.65888559799998,,
231,154.32629159799998,F:maj,156.995916
232,154.99369759799998,,
233,155.66110359799998,,
234,156.32850959799998,,
235,156.99591559799998,Bb:maj,159.66554
236,157.66332159799998,,
237,158.330727598,,
238,158.998133598,,
239,159.665539598,F:maj,161.000352
240,160.332945598,,
241,161.000351598,G:min,162.335164
242,161.667757598,,
243,162.335163598,Eb:maj,165.004788
244,163.002569598,,
245,163.669975598,,
246,164.337381598,,
247,165.004787598,D:min,167.674412
248,165.672193598,,
249,166.339599598,,
250,167.007005598,,
251,167.674411598,Eb:maj,169.009224
252,168.341817598,,
253,169.009223598,F:maj,170.344036
254,169.676629598,,
255,170.344035598,C:maj,171.678848
256,171.011441598,,
257,171.678847598,F:maj,173.01366
258,172.346253598,,
259,173.013659598,F:maj,174.348472
260,173.681065598,,
261,174.348471598,G:min,175.683284
262,175.015877598,,
263,175.683283598,Eb:maj,177.018096
264,176.350689598,,
265,177.018095598,Eb:maj7/7,178.352908
266,177.685501598,,
267,178.352907598,D:min,181.022532
268,179.020313598,,
269,179.687719598,,
270,180.355125598,,
271,181.022531598,Eb:maj,182.357344
272,181.689937598,,
273,182.357343598,F:maj,183.692156
274,183.024749598,,
275,183.692155598,G:min,185.026968
276,184.359561598,,
277,185.026967598,Bb:maj,186.36178
278,185.694373598,,
279,186.361779598,C:min,187.696592
280,187.029185598,,
281,187.696591598,F:maj,189.031404
282,188.363997598,,
283,189.031403598,Bb:maj,190.366216
284,189.698809598,,
285,190.366215598,G:min,191.701028
286,191.033621598,,
287,191.701027598,G:min,193.03584
288,192.368433598,,
289,193.035839598,C:min,194.370652
290,193.703245598,,
291,194.370651598,C:maj,195.705464
292,195.038057598,,
293,195.705463598,F:maj,197.040276
294,196.372869598,,
295,197.040275598,G:min,198.375088
296,197.707681598,,
297,198.375087598,Eb:maj,199.7099
298,199.042493598,,
299,199.709899598,F:maj,201.044712
300,200.377305598,,
301,201.044711598,Bb:maj,202.379524
302,201.712117598,,
303,202.379523598,Bb:maj,205.049148
304,203.046929598,,
305,203.714335598,,
306,204.381741598,,
307,205.049147598,Eb:maj,207.051366
308,205.716553598,,
309,206.383959598,,
310,207.051365598,Eb:min,209.053584
311,207.718771598,,
312,208.386177598,,
313,209.053583598,Eb:min,211.723208
314,209.720989598,,
315,210.388395598,,
316,211.055801598,,
317,211.723207598,Bb:maj,214.392832
318,212.390613598,,
319,213.058019598,,
320,213.725425598,,
321,214.392831598,Bb:maj,215.727644
322,215.060237598,,
