,beat,chord,chord_end
0,0.202,N,0.702
1,0.702,N,1.202
2,1.2020000000000002,N,1.702
3,1.7020000000000002,N,2.202
4,2.202,N,2.702
5,2.702,N,3.202
6,3.202,N,3.702
7,3.702,N,4.202
8,4.202,C#:maj,6.202
9,4.702,,
10,5.202,,
11,5.702,,
12,6.202,Eb:maj,8.202
13,6.702,,
14,7.202,,
15,7.702,,
16,8.202,F:min,10.202
17,8.702,,
18,9.202,,
19,9.702,,
20,10.202,F:min,12.202
21,10.702,,
22,11.202,,
23,11.702,,
24,12.202,C#:maj,14.202
25,12.702,,
26,13.202,,
27,13.702,,
28,14.202,Eb:maj,16.202
29,14.702,,
30,15.202,,
31,15.702,,
32,16.202,F:maj,18.202
33,16.702,,
34,17.202,,
35,17.702,,
36,18.202,F:maj,20.202
37,18.702,,
38,19.202,,
39,19.702,,
40,20.202,C#:maj,22.202
41,20.702,,
42,21.202,,
43,21.702,,
44,22.202,Eb:maj,24.202
45,22.702,,
46,23.202,,
47,23.702,,
48,24.202,F:min,26.202
49,24.702,,
50,25.202,,
51,25.702,,
52,26.202,F:min,28.202
53,26.702,,
54,27.202,,
55,27.702,,
56,28.202,C#:maj,30.202
57,28.702,,
58,29.202,,
59,29.702,,
60,30.202,Eb:maj,32.202
61,30.702,,
62,31.202,,
63,31.702,,
64,32.202,F:min,34.202
65,32.702,,
66,33.202,,
67,33.702,,
68,34.202,F:min,36.202
69,34.702,,
70,35.202,,
71,35.702,,
72,36.202,F:min,38.202
73,36.702,,
74,37.202,,
75,37.702,,
76,38.202,F:maj,40.202
77,38.702,,
78,39.202,,
79,39.702,,
80,40.202,C#:maj,41.202
81,40.702,,
82,41.202,Eb:maj,42.202
83,41.702,,
84,42.202,F:min,43.702
85,42.702,,
86,43.202,,
87,43.702,C:maj/5,44.202
88,44.202,Bb:min,46.202
89,44.702,,
90,45.202,,
91,45.702,,
92,46.202,Ab:maj,48.202
93,46.702,,
94,47.202,,
95,47.702,,
96,48.202,Bb:maj,50.202
97,48.702,,
98,49.202,,
99,49.702,,
100,50.202,C:maj,52.202
101,50.702,,
102,51.202,,
103,51.702,,
104,52.202,F:min,54.202
105,52.702,,
106,53.202,,
107,53.702,,
108,54.202,F:min,56.202
109,54.702,,
110,55.202,,
111,55.702,,
112,56.202,C#:maj,58.202
113,56.702,,
114,57.202,,
115,57.702,,
116,58.202,Eb:maj,60.202
117,58.702,,
118,59.202,,
119,59.702,,
120,60.202,Bb:min,62.202
121,60.702,,
122,61.202,,
123,61.702,,
124,62.202,Ab:maj,64.202
125,62.702,,
126,63.202,,
127,63.702,,
128,64.202,Bb:min,65.202
129,64.702,,
130,65.202,C:maj,66.202
131,65.702,,
132,66.202,F:min,68.202
133,66.702,,
134,67.202,,
135,67.702,,
136,68.202,F:min,70.202
137,68.702,,
138,69.202,,
139,69.702,,
140,70.202,Bb:min,72.202
141,70.702,,
142,71.202,,
143,71.702,,
144,72.202,C#:maj,73.202
145,72.702,,
146,73.202,C:min,74.202
147,73.702,,
148,74.202,F:maj,76.202
149,74.702,,
150,75.202,,
151,75.702,,
152,76.202,Bb:min,78.202
153,76.702,,
154,77.202,,
155,77.702,,
156,78.202,C#:maj,80.202
157,78.702,,
158,79.202,,
159,79.702,,
160,80.202,Bb:maj,82.202
161,80.702,,
162,81.202,,
163,81.702,,
164,82.202,C:maj,84.202
165,82.702,,
166,83.202,,
167,83.702,,
168,84.202,F:min,86.202
169,84.702,,
170,85.202,,
171,85.702,,
172,86.202,Bb:min,88.202
173,86.702,,
174,87.202,,
175,87.702,,
176,88.202,C#:maj,90.202
177,88.702,,
178,89.202,,
179,89.702,,
180,90.202,Eb:maj,92.202
181,90.702,,
182,91.202,,
183,91.702,,
184,92.202,C:min,94.202
185,92.702,,
186,93.202,,
187,93.702,,
188,94.202,Bb:min,96.202
189,94.702,,
190,95.202,,
191,95.702,,
192,96.202,C:min,98.202
193,96.702,,
194,97.202,,
195,97.702,,
196,98.202,F:min,100.202
197,98.702,,
198,99.202,,
199,99.702,,
200,100.202,F:min,102.202
201,100.702,,
202,101.202,,
203,101.702,,
204,102.202,F:min,104.202
205,102.702,,
206,103.202,,
207,103.702,,
208,104.202,C#:maj,106.202
209,104.702,,
210,105.202,,
211,105.702,,
212,106.202,C#:maj,108.202
213,106.702,,
214,107.202,,
215,107.702,,
216,108.202,Eb:maj,110.202
217,108.702,,
218,109.202,,
219,109.702,,
220,110.202,Eb:maj,112.202
221,110.702,,
222,111.202,,
223,111.702,,
224,112.202,F:min,114.202
225,112.702,,
226,113.202,,
227,113.702,,
228,114.202,F:min,116.202
229,114.702,,
230,115.202,,
231,115.702,,
232,116.202,C#:maj,118.202
233,116.702,,
234,117.202,,
235,117.702,,
236,118.202,Eb:maj,120.202
237,118.702,,
238,119.202,,
239,119.702,,
240,120.202,F:min,122.202
241,120.702,,
242,121.202,,
243,121.702,,
244,122.202,F:min,124.202
245,122.702,,
246,123.202,,
247,123.702,,
248,124.202,C#:maj,126.202
249,124.702,,
250,125.202,,
251,125.702,,
252,126.202,Eb:maj,128.202
253,126.702,,
254,127.202,,
255,127.702,,
256,128.202,F:min,130.202
257,128.702,,
258,129.202,,
259,129.702,,
260,130.202,F:maj,132.202
261,130.702,,
262,131.202,,
263,131.702,,
264,132.202,F:maj,134.202
265,132.702,,
266,133.202,,
267,133.702,,
268,134.202,F:maj,136.202
269,134.702,,
270,135.202,,
271,135.702,,
272,136.202,C#:maj,137.202
273,136.70199999999997,,
274,137.20199999999997,Eb:maj,138.202
275,137.70199999999997,,
276,138.20199999999997,F:min,139.702
277,138.70199999999997,,
278,139.20199999999997,,
279,139.70199999999997,C:maj/5,140.202
280,140.20199999999997,Bb:min,142.202
281,140.70199999999997,,
282,141.20199999999997,,
283,141.70199999999997,,
284,142.20199999999997,Ab:maj,144.202
285,142.70199999999997,,
286,143.20199999999997,,
287,143.70199999999997,,
288,144.20199999999997,Bb:maj,146.202
289,144.70199999999997,,
290,145.20199999999997,,
291,145.70199999999997,,
292,146.20199999999997,C:maj,148.202
293,146.70199999999997,,
294,147.20199999999997,,
295,147.70199999999997,,
296,148.20199999999997,F:min,150.202
297,148.70199999999997,,
298,149.20199999999997,,
299,149.70199999999997,,
300,150.20199999999997,F:min,152.202
301,150.70199999999997,,
302,151.20199999999997,,
303,151.70199999999997,,
304,152.20199999999997,C#:maj,154.202
305,152.70199999999997,,
306,153.20199999999997,,
307,153.70199999999997,,
308,154.20199999999997,Eb:maj,156.202
309,154.70199999999997,,
310,155.20199999999997,,
311,155.70199999999997,,
312,156.20199999999997,Bb:min,158.202
313,156.70199999999997,,
314,157.20199999999997,,
315,157.70199999999997,,
316,158.20199999999997,Ab:maj,160.202
317,158.70199999999997,,
318,159.20199999999997,,
319,159.70199999999997,,
320,160.20199999999997,F#:maj/3,161.202
321,160.70199999999997,,
322,161.20199999999997,C:maj,162.202
323,161.70199999999997,,
324,162.20199999999997,F:min,164.202
325,162.70199999999997,,
326,163.20199999999997,,
327,163.70199999999997,,
328,164.20199999999997,F:min,166.202
329,164.70199999999997,,
330,165.20199999999997,,
331,165.70199999999997,,
332,166.20199999999997,Bb:min,168.202
333,166.70199999999997,,
334,167.20199999999997,,
335,167.70199999999997,,
336,168.20199999999997,C#:maj,169.202
337,168.70199999999997,,
338,169.20199999999997,C:min,170.202
339,169.70199999999997,,
340,170.20199999999997,F:maj,172.202
341,170.70199999999997,,
342,171.20199999999997,,
343,171.70199999999997,,
344,172.20199999999997,Bb:min,174.202
345,172.70199999999997,,
346,173.20199999999997,,
347,173.70199999999997,,
348,174.20199999999997,C#:maj,176.202
349,174.70199999999997,,
350,175.20199999999997,,
351,175.70199999999997,,
352,176.20199999999997,Bb:maj,178.202
353,176.70199999999997,,
354,177.20199999999997,,
355,177.70199999999997,,
356,178.20199999999997,C:maj,180.202
357,178.70199999999997,,
358,179.20199999999997,,
359,179.70199999999997,,
360,180.202,F:min,182.202
361,180.702,,
362,181.202,,
363,181.702,,
364,182.202,Bb:min,184.202
365,182.702,,
366,183.202,,
367,183.702,,
368,184.202,C#:maj,186.202
369,184.702,,
370,185.202,,
371,185.702,,
372,186.202,Eb:maj,188.202
373,186.702,,
374,187.202,,
375,187.702,,
376,188.202,C:min,190.202
377,188.702,,
378,189.202,,
379,189.702,,
380,190.202,Bb:min,192.202
381,190.702,,
382,191.202,,
383,191.702,,
384,192.202,C:min,194.202
385,192.702,,
386,193.202,,
387,193.702,,
388,194.202,F:min,196.202
389,194.702,,
390,195.202,,
391,195.702,,
392,196.202,F:min,198.202
393,196.702,,
394,197.202,,
395,197.702,,
396,198.202,Bb:min,200.202
397,198.702,,
398,199.202,,
399,199.702,,
400,200.202,C#:maj,201.202
401,200.702,,
402,201.202,C:min,202.202
403,201.702,,
404,202.202,F:min,204.202
405,202.702,,
406,203.202,,
407,203.702,,
408,204.202,Bb:min,206.202
409,204.702,,
410,205.202,,
411,205.702,,
412,206.202,C#:maj,208.202
413,206.702,,
414,207.202,,
415,207.702,,
416,208.202,Bb:maj,210.202
417,208.702,,
418,209.202,,
419,209.702,,
420,210.202,C:maj,212.202
421,210.702,,
422,211.202,,
423,211.702,,
424,212.202,F:min,214.202
425,212.702,,
426,213.202,,
427,213.702,,
428,214.202,Bb:min,216.202
429,214.702,,
430,215.202,,
431,215.702,,
432,216.202,C#:maj,218.202
433,216.702,,
434,217.202,,
435,217.702,,
436,218.202,Eb:maj,220.202
437,218.702,,
438,219.202,,
439,219.702,,
440,220.202,C:min,222.202
441,220.702,,
442,221.202,,
443,221.702,,
444,222.202,Bb:min,224.202
445,222.702,,
446,223.202,,
447,223.702,,
448,224.202,C:min,226.202
449,224.702,,
450,225.202,,
451,225.702,,
452,226.202,F:min,228.202
453,226.702,,
454,227.202,,
455,227.702,,
456,228.202,C:min,230.202
457,228.702,,
458,229.202,,
459,229.702,,
460,230.202,Bb:maj,232.202
461,230.702,,
462,231.202,,
463,231.702,,
464,232.202,C:sus4,233.202
465,232.702,,
466,233.202,C:min,234.202
467,233.702,,
468,234.202,C:min,236.202
469,234.702,,
470,235.202,,
471,235.702,,
472,236.202,C:min,236.702
473,236.702,F:min,238.202
474,237.202,,
475,237.702,,
476,238.202,F:sus4,240.202
477,238.702,,
478,239.202,,
479,239.702,,
480,240.202,F:min,243.202
481,240.702,,
482,241.202,,
483,241.702,,
484,242.202,,
485,242.702,,
486,243.202,F:maj,244.702
487,243.702,,
488,244.202,,
