,beat,chord,chord_end
0,0.464666202,N,1.131332
1,1.131332202,C:sus2,2.464664
2,1.797998202,,
3,2.464664202,C:maj,3.797996
4,3.131330202,,
5,3.797996202,G:maj/3,5.131328
6,4.464662202,,
7,5.131328202,Ab:minmaj7,6.46466
8,5.797994201999999,,
9,6.464660201999999,A:min,9.131324
10,7.131326202,,
11,7.797992202,,
12,8.464658201999999,,
13,9.131324202,E:min,10.464656
14,9.797990202,,
15,10.464656202,E:maj7/7,11.797988
16,11.131322202,,
17,11.797988202,D:min,13.13132
18,12.464654202,,
19,13.131320202,G:7/b7,14.464652
20,13.797986202,,
21,14.464652202,E:maj,15.797984
22,15.131318202,,
23,15.797984202,A:maj,17.131316
24,16.464650202,,
25,17.131316202,D:min,19.79798
26,17.797982202,,
27,18.464648202,,
28,19.131314202,,
29,19.797980202,G:sus4(b7),22.464644
30,20.464646202,,
31,21.131312202,,
32,21.797978202000003,,
33,22.464644202,G:sus4,25.131308
34,23.131310202,,
35,23.797976202,,
36,24.464642202000004,,
37,25.131308202000003,C:maj,27.797972
38,25.797974202,,
39,26.464640202,,
40,27.131306202,,
41,27.797972202000004,G:maj/3,30.464636
42,28.464638202000003,,
43,29.131304202000003,,
44,29.797970202,,
45,30.464636202,A:min,33.1313
46,31.131302202000004,,
47,31.797968202000003,,
48,32.464634202000006,,
49,33.131300202000006,E:min,35.131298
50,33.797966202000005,,
51,34.464632202000004,,
52,35.131298202,C:min/b3,35.797964
53,35.797964202,D:maj,37.131296
54,36.464630202,,
55,37.131296202,G:maj,38.464628
56,37.797962202,,
57,38.464628202,E:min,39.79796
58,39.131294202,,
59,39.797960202000006,A:maj,41.131292
60,40.464626202000005,,
61,41.131292202,D:min,42.464624
62,41.797958202,,
63,42.464624202,D:7,43.797956
64,43.131290202,,
65,43.797956202,G:maj,46.46462
66,44.464622202,,
67,45.131288202,,
68,45.797954202,,
69,46.464620202,C:maj,49.131284
70,47.131286202,,
71,47.797952202,,
72,48.464618202,,
73,49.131284202,G:maj/3,51.131282
74,49.797950202,,
75,50.464616202,,
76,51.131282202,C#:7/5,51.797948
77,51.797948202,A:min,54.464612
78,52.464614202,,
79,53.131280202,,
80,53.797946202,,
81,54.464612202,E:min,56.46461
82,55.131278202,,
83,55.797944202,,
84,56.464610202,C:min/b3,57.131276
85,57.131276202,D:maj,58.464608
86,57.797942202,,
87,58.464608202,G:maj,59.79794
88,59.131274202,,
89,59.797940202,E:min,61.131272
90,60.464606202,,
91,61.131272202,A:maj,62.464604
92,61.797938202,,
93,62.464604202,D:min,63.797936
94,63.131270202,,
95,63.797936202,G:maj,65.131268
96,64.464602202,,
97,65.131268202,C:sus2,66.4646
98,65.797934202,,
99,66.464600202,C:maj,67.797932
100,67.13126620199999,,
101,67.797932202,G:maj,70.464596
102,68.464598202,,
103,69.131264202,,
104,69.797930202,,
105,70.464596202,C:maj,73.13126
106,71.131262202,,
107,71.797928202,,
108,72.464594202,,
109,73.13126020199999,C:7,75.797924
110,73.797926202,,
111,74.464592202,,
112,75.131258202,,
113,75.797924202,F:maj,77.131256
114,76.464590202,,
115,77.131256202,G:maj,78.464588
116,77.797922202,,
117,78.464588202,C:maj,79.131254
118,79.131254202,C:sus2,79.79792
119,79.797920202,C:maj7/7,81.131252
120,80.46458620199999,,
121,81.131252202,A:min,82.464584
122,81.797918202,,
123,82.464584202,E:min,83.797916
124,83.131250202,,
125,83.797916202,F:maj,85.131248
126,84.464582202,,
127,85.131248202,E:min,86.46458
128,85.797914202,,
129,86.464580202,D:min,87.797912
130,87.131246202,,
131,87.797912202,C:dim7,89.131244
132,88.464578202,,
133,89.131244202,G:maj,91.797908
134,89.797910202,,
135,90.464576202,,
136,91.131242202,,
137,91.797908202,C:maj,94.464572
138,92.464574202,,
139,93.131240202,,
140,93.797906202,,
141,94.464572202,C:7,97.131236
142,95.131238202,,
143,95.797904202,,
144,96.464570202,,
145,97.131236202,F:maj,98.464568
146,97.797902202,,
147,98.464568202,G:maj,99.7979
148,99.131234202,,
149,99.797900202,C:maj,100.464566
150,100.464566202,C:sus2,101.131232
151,101.131232202,C:maj7/7,102.464564
152,101.797898202,,
153,102.464564202,A:min,103.797896
154,103.131230202,,
155,103.797896202,E:min,105.131228
156,104.464562202,,
157,105.131228202,F:maj,106.46456
158,105.797894202,,
159,106.464560202,E:min,107.797892
160,107.131226202,,
161,107.797892202,D:min,109.131224
162,108.464558202,,
163,109.131224202,G:maj,110.464556
164,109.797890202,,
165,110.464556202,F:maj,113.136729
166,111.1322758095,,
167,111.8004268095,,
168,112.4685778095,,
169,113.1367288095,E:min,115.809333
170,113.8048798095,,
171,114.4730308095,,
172,115.1411818095,,
173,115.8093328095,Ab:maj,118.481937
174,116.4774838095,,
175,117.1456348095,,
176,117.8137858095,,
177,118.4819368095,G:sus4,119.818239
178,119.1500878095,,
179,119.8182388095,G:maj,121.152027
180,120.485360952,,
181,121.152026952,C:maj,123.818691
182,121.818692952,,
183,122.485358952,,
184,123.152024952,,
185,123.818690952,G:maj/3,125.818689
186,124.485356952,,
187,125.152022952,,
188,125.818688952,C#:7/5,126.485355
189,126.485354952,A:min,129.152019
190,127.152020952,,
191,127.818686952,,
192,128.485352952,,
193,129.15201895200002,E:min,131.152017
194,129.818684952,,
195,130.485350952,,
196,131.152016952,Eb:min,131.818683
197,131.81868295200002,D:min,133.152015
198,132.485348952,,
199,133.152014952,G:maj,134.485347
200,133.818680952,,
201,134.485346952,E:min,135.818679
202,135.152012952,,
203,135.818678952,A:maj,137.152011
204,136.48534495200002,,
205,137.152010952,D:min,138.485343
206,137.818676952,,
207,138.485342952,G:maj,139.818675
208,139.15200895200002,,
209,139.818674952,C:sus2,141.152007
210,140.485340952,,
211,141.15200695200002,C:maj,142.485339
212,141.818672952,,
213,142.485338952,G:maj,145.152003
214,143.152004952,,
215,143.81867095200002,,
216,144.485336952,,
217,145.152002952,C:maj,147.818667
218,145.818668952,,
219,146.48533495200002,,
220,147.152000952,,
221,147.818666952,C:7,150.485331
222,148.48533295200002,,
223,149.151998952,,
224,149.818664952,,
225,150.485330952,F:maj,151.818663
226,151.15199695200002,,
227,151.818662952,G:maj,153.151995
228,152.485328952,,
229,153.151994952,C:maj,153.818661
230,153.81866095200002,C:sus2,154.485327
231,154.485326952,C:maj7/7,155.818659
232,155.151992952,,
233,155.81865895200002,A:min,157.151991
234,156.485324952,,
235,157.151990952,E:min,158.485323
236,157.81865695200003,,
237,158.48532295200002,F:maj,159.818655
238,159.151988952,,
239,159.818654952,E:min,161.151987
240,160.485320952,,
241,161.15198695200002,D:min,162.485319
242,161.818652952,,
243,162.485318952,C:dim7,163.818651
244,163.15198495200002,,
245,163.818650952,G:maj,166.485315
246,164.485316952,,
247,165.15198295200005,,
248,165.81864895200002,,
249,166.485314952,C:maj,169.151979
250,167.151980952,,
251,167.818646952,,
252,168.48531295200002,,
253,169.151978952,C:7,171.818643
254,169.818644952,,
255,170.48531095200002,,
256,171.151976952,,
257,171.818642952,F:maj,173.151975
258,172.48530895200005,,
259,173.15197495200002,G:maj,174.485307
260,173.818640952,,
261,174.485306952,C:maj,175.151973
262,175.151972952,C:sus2,175.818639
263,175.818638952,C:maj7/7,177.151971
264,176.485304952,,
265,177.151970952,A:min,178.485303
266,177.81863695200002,,
267,178.485302952,E:min,179.818635
268,179.151968952,,
269,179.81863495200002,F:maj,181.151967
270,180.485300952,,
271,181.151966952,E:min,182.485299
272,181.818632952,,
273,182.485298952,D:min,183.818631
274,183.151964952,,
275,183.818630952,G:maj,185.151963
276,184.485296952,,
277,185.151962952,C:maj,187.818627
278,185.818628952,,
279,186.485294952,,
280,187.151960952,,
281,187.818626952,D:maj,190.485291
282,188.485292952,,
283,189.15195895200003,,
284,189.818624952,,
285,190.485290952,D:7,193.151955
286,191.151956952,,
287,191.818622952,,
288,192.485288952,,
289,193.151954952,G:maj,194.485287
290,193.818620952,,
291,194.485286952,A:maj,195.818619
292,195.151952952,,
293,195.818618952,D:maj,196.485285
294,196.48528495200003,D:sus2,197.151951
295,197.151950952,D:maj7/7,198.485283
296,197.818616952,,
297,198.485282952,B:min,199.818615
298,199.151948952,,
299,199.818614952,F#:min,201.151947
300,200.485280952,,
301,201.151946952,G:maj,202.485279
302,201.818612952,,
303,202.485278952,F#:min,203.818611
304,203.151944952,,
305,203.81861095200003,E:min,205.151943
306,204.485276952,,
307,205.151942952,D:dim7,206.485275
308,205.818608952,,
309,206.485274952,A:maj,209.151939
310,207.151940952,,
311,207.818606952,,
312,208.485272952,,
313,209.151938952,D:maj,211.818603
314,209.818604952,,
315,210.485270952,,
316,211.151936952,,
317,211.818602952,D:7,214.485267
318,212.485268952,,
319,213.151934952,,
320,213.818600952,,
321,214.485266952,G:maj,215.818599
322,215.151932952,,
323,215.818598952,A:maj,217.151931
324,216.485264952,,
325,217.151930952,D:maj,217.818597
326,217.818596952,D:sus2,218.485263
327,218.485262952,D:maj7/7,219.818595
328,219.151928952,,
329,219.818594952,B:min,221.151927
330,220.485260952,,
331,221.151926952,F#:min,222.485259
332,221.818592952,,
333,222.485258952,G:maj,223.818591
334,223.151924952,,
335,223.818590952,F#:min,225.151923
336,224.485256952,,
337,225.151922952,E:min,226.485255
338,225.818588952,,
339,226.485254952,A:maj,227.818587
340,227.151920952,,
341,227.818586952,G:maj,230.485251
342,228.485252952,,
343,229.151918952,,
344,229.818584952,,
345,230.485250952,F#:min,233.151915
346,231.151916952,,
347,231.818582952,,
348,232.485248952,,
349,233.151914952,E:min7,234.485247
350,233.818580952,,
351,234.485246952,E:sus4(b7),235.818579
352,235.151912952,,
353,235.818578952,A:7,238.485243
354,236.485244952,,
355,237.151910952,,
356,237.818576952,,
357,238.485242952,D:sus2,239.818575
358,239.151908952,,
359,239.818574952,D:maj,241.151907
360,240.485240952,,
361,241.151906952,D:maj,243.818571
362,241.818572952,,
363,242.485238952,,
364,243.151904952,,
