,beat,chord,chord_end
0,0.39525,A:maj,3.39525
1,1.14525,,
2,1.89525,,
3,2.64525,,
4,3.39525,Ab:min7,6.39525
5,4.14525,,
6,4.89525,,
7,5.64525,,
8,6.395249999999999,A:maj,7.89525
9,7.14525,,
10,7.89525,A:maj7,9.39525
11,8.64525,,
12,9.39525,Ab:min,12.39525
13,10.14525,,
14,10.89525,,
15,11.64525,,
16,12.39525,D:maj,15.39525
17,13.14525,,
18,13.89525,,
19,14.64525,,
20,15.39525,C#:min,16.89525
21,16.14525,,
22,16.89525,C#:sus4,18.39525
23,17.64525,,
24,18.39525,F#:min,21.39525
25,19.14525,,
26,19.89525,,
27,20.64525,,
28,21.39525,B:maj,22.14525
29,22.14525,B:sus2,24.39525
30,22.89525,,
31,23.64525,,
32,24.39525,B:maj,27.39525
33,25.14525,,
34,25.89525,,
35,26.64525,,
36,27.39525,E:sus2,28.89525
37,28.14525,,
38,28.89525,E:maj,30.39525
39,29.64525,,
40,30.39525,B:maj,33.39525
41,31.14525,,
42,31.89525,,
43,32.64525,,
44,33.39525,C#:min,34.89525
45,34.14525,,
46,34.89525,C#:sus2,36.39525
47,35.64525,,
48,36.39525,Ab:min7,37.89525
49,37.14525,,
50,37.89525,Ab:maj,39.39525
51,38.64525,,
52,39.39525,A:maj,42.39525
53,40.14525,,
54,40.89525,,
55,41.64525,,
56,42.39525,Ab:min,43.89525
57,43.14525,,
58,43.89525,C#:min,44.64525
59,44.64525,C:min/b3,45.39525
60,45.39525,D:maj,46.89525
61,46.14525,,
62,46.89525,C#:maj,48.39525
63,47.64525,,
64,48.39525,B:sus2,49.89525
65,49.14525,,
66,49.89525,B:maj,51.39525
67,50.64525,,
68,51.39525,E:sus2,52.89525
69,52.14525,,
70,52.89525,E:maj,54.39525
71,53.64525,,
72,54.39525,E:maj7,55.89525
73,55.14525,,
74,55.89525,E:maj,57.39525
75,56.64525,,
76,57.39525,C#:min,58.89525
77,58.14525,,
78,58.89525,C#:sus2,60.39525
79,59.64525,,
80,60.39525,Ab:min7,61.89525
81,61.14525,,
82,61.89525,Ab:maj,63.39525
83,62.64525,,
84,63.39525,A:maj,66.39525
85,64.14525,,
86,64.89525,,
87,65.64525,,
88,66.39525,Ab:min,67.89525
89,67.14525,,
90,67.89525,C#:min,68.64525
91,68.64525,C:min/b3,69.39525
92,69.39525,D:maj,70.89525
93,70.14525,,
94,70.89525,C#:maj,72.39525
95,71.64525,,
96,72.39525,B:sus2,73.89525
97,73.14525,,
98,73.89525,B:maj,75.39525
99,74.64525,,
100,75.39525,B:maj,78.39525
101,76.14525,,
102,76.89525,,
103,77.64525,,
104,78.39525,E:maj,79.89525
105,79.14525,,
106,79.89525,Ab:min/5,81.39525
107,80.64525,,
108,81.39525,C#:min,82.89525
109,82.14525,,
110,82.89525,B:maj,84.39525
111,83.64525,,
112,84.39525,A:maj,85.89525
113,85.14525,,
114,85.89525,F#:min,87.39525
115,86.64525,,
116,87.39525,B:maj,90.39525
117,88.14525,,
118,88.89525,,
119,89.64525,,
120,90.39525,Ab:min,91.89525
121,91.14525,,
122,91.89525,C#:min,93.39525
123,92.64525,,
124,93.39525,Ab:min,94.89525
125,94.14525,,
126,94.89525,C#:min,96.39525
127,95.64525,,
128,96.39525,F#:min,99.39525
129,97.14525,,
130,97.89525,,
131,98.64525,,
132,99.39525,E:maj/5,100.89525
133,100.14525,,
134,100.89525,B:sus4,102.39525
135,101.64525,,
136,102.39525,E:maj,103.89525
137,103.14525,,
138,103.89525,Ab:min/5,105.39525
139,104.64525,,
140,105.39525,C#:min,106.89525
141,106.14525,,
142,106.89525,B:maj,108.39525
143,107.64525,,
144,108.39525,A:maj,109.89525
145,109.14525,,
146,109.89525,F#:min,111.39525
147,110.64525,,
148,111.39525,B:maj,112.14525
149,112.14525,E:maj/5,114.39525
150,112.89525,,
151,113.64525,,
152,114.39525,Ab:min,115.89525
153,115.14525,,
154,115.89525,C#:min,117.39525
155,116.64525,,
156,117.39525,Ab:min,118.89525
157,118.14525,,
158,118.89525,C#:min/5,120.39525
159,119.64525,,
160,120.39525,F#:min,123.39525
161,121.14525,,
162,121.89525,,
163,122.64525,,
164,123.39525,E:maj,126.39525
165,124.14525,,
166,124.89525,,
167,125.64525,,
168,126.39525,A:maj,127.14525
169,127.14525,B:sus2,127.89525
170,127.89525,B:maj,129.39525
171,128.64524999999998,,
172,129.39524999999998,A:maj,132.39525
173,130.14524999999998,,
174,130.89524999999998,,
175,131.64524999999998,,
176,132.39524999999998,Ab:min,135.39525
177,133.14524999999998,,
178,133.89524999999998,,
179,134.64524999999998,,
180,135.39524999999998,F#:sus2,136.89525
181,136.14524999999998,,
182,136.89524999999998,F#:min/b3,138.39525
183,137.64524999999998,,
184,138.39524999999998,B:maj,141.39525
185,139.14524999999998,,
186,139.89524999999998,,
187,140.64524999999998,,
188,141.39524999999998,B:maj,144.39525
189,142.14524999999998,,
190,142.89524999999998,,
191,143.64524999999998,,
192,144.39524999999998,E:sus2,145.89525
193,145.14524999999998,,
194,145.89524999999998,E:maj,147.39525
195,146.64524999999998,,
196,147.39524999999998,E:maj7,148.89525
197,148.14524999999998,,
198,148.89524999999998,E:maj,150.39525
199,149.64524999999998,,
200,150.39524999999998,C#:min,151.89525
201,151.14524999999998,,
202,151.89524999999998,C#:sus2,153.39525
203,152.64524999999998,,
204,153.39524999999998,Ab:min7,154.89525
205,154.14524999999998,,
206,154.89524999999998,Ab:maj,156.39525
207,155.64524999999998,,
208,156.39524999999998,A:maj,159.39525
209,157.14524999999998,,
210,157.89524999999998,,
211,158.64524999999998,,
212,159.39524999999998,Ab:min,160.89525
213,160.14524999999998,,
214,160.89524999999998,C#:min,161.64525
215,161.64524999999998,C:min/b3,162.39525
216,162.39524999999998,D:maj,163.89525
217,163.14524999999998,,
218,163.89524999999998,C#:maj,165.39525
219,164.64524999999998,,
220,165.39524999999998,B:sus2,166.89525
221,166.14524999999998,,
222,166.89524999999998,B:maj,168.39525
223,167.64524999999998,,
224,168.39524999999998,B:maj,171.39525
225,169.14524999999998,,
226,169.89524999999998,,
227,170.64524999999998,,
228,171.39524999999998,E:maj,172.89525
229,172.14524999999998,,
230,172.89524999999998,Ab:min/5,174.39525
231,173.64524999999998,,
232,174.39524999999998,C#:min,175.89525
233,175.14524999999998,,
234,175.89524999999998,B:maj,177.39525
235,176.64524999999998,,
236,177.39524999999998,A:maj,178.89525
237,178.14524999999998,,
238,178.89524999999998,F#:min,180.39525
239,179.64524999999998,,
240,180.39525,B:maj,183.39525
241,181.14525,,
242,181.89525,,
243,182.64525,,
244,183.39525,Ab:min,184.89525
245,184.14525,,
246,184.89525,C#:min,186.39525
247,185.64525,,
248,186.39525,Ab:min,187.89525
249,187.14525,,
250,187.89525,C#:min,189.39525
251,188.64525,,
252,189.39525,F#:min,192.39525
253,190.14525,,
254,190.89525,,
255,191.64525,,
256,192.39525,E:maj/5,193.89525
257,193.14525,,
258,193.89525,B:sus4,195.39525
259,194.64525,,
260,195.39525,E:maj,196.89525
261,196.14525,,
262,196.89525,Ab:min/5,198.39525
263,197.64525,,
264,198.39525,C#:min,199.89525
265,199.14525,,
266,199.89525,B:maj,201.39525
267,200.64525,,
268,201.39525,A:maj,202.89525
269,202.14525,,
270,202.89525,F#:min,204.39525
271,203.64525,,
272,204.39525,B:maj,205.14525
273,205.14525,E:maj/5,207.39525
274,205.89525,,
275,206.64525,,
276,207.39525,Ab:min,208.89525
277,208.14525,,
278,208.89525,C#:min,210.39525
279,209.64525,,
280,210.39525,Ab:min,211.89525
281,211.14525,,
282,211.89525,C#:min/5,213.39525
283,212.64525,,
284,213.39525,F#:min,216.39525
285,214.14525,,
286,214.89525,,
287,215.64525,,
288,216.39525,E:maj,219.39525
289,217.14525,,
290,217.89525,,
291,218.64525,,
292,219.39525,Ab:min,220.89525
293,220.14525,,
294,220.89525,C#:min/5,221.64525
295,221.64525,Ab:sus4,222.39525
296,222.39525,Ab:min,223.89525
297,223.14525,,
298,223.89525,C#:min,224.64525
299,224.64525,C:min/b3,225.39525
300,225.39525,F#:min,226.89525
301,226.14525,,
302,226.89525,B:maj,228.39525
303,227.64525,,
304,228.39525,A:maj,231.39525
305,229.14525,,
306,229.89525,,
307,230.64525,,
308,231.39525,A:maj,234.39525
309,232.14525,,
310,232.89525,,
311,233.64525,,
312,234.39525,Ab:min7,235.89525
313,235.14525,,
314,235.89525,Ab:min,237.39525
315,236.64525,,
316,237.39525,Ab:min,240.39525
317,238.14525,,
318,238.89525,,
319,239.64525,,
320,240.39525,F#:sus2,243.39525
321,241.14525,,
322,241.89525,,
323,242.64525,,
324,243.39525,B:maj,246.39525
325,244.14525,,
326,244.89525,,
327,245.64525,,
328,246.39525,E:maj,249.39525
329,247.14525,,
330,247.89525,,
331,248.64525,,
332,249.39525,E:maj,253.89525
333,250.14525,,
334,250.89525,,
335,251.64525,,
336,252.39525,,
337,253.14525,,
