,beat,chord,chord_end
0,0.510000034,N,1.477742
1,1.4777420340000005,N,2.445484
2,2.445484034,N,3.413226
3,3.4132260340000005,N,4.380968
4,4.380968034,B:maj,6.316452
5,5.348710034000001,,
6,6.316452034000001,F#:maj,8.251936
7,7.284194034,,
8,8.251936034,E:maj,12.533419
9,9.231769097333332,,
10,10.427934877416664,,
11,11.565676719416665,,
12,12.533418719416664,Ab:min,14.468903
13,13.501160719416664,,
14,14.468902719416665,Eb:min/b3,16.404387
15,15.436644719416664,,
16,16.404386719416667,E:maj,20.483648
17,17.39680051841667,,
18,18.468229518416667,,
19,19.51590555483333,,
20,20.483647554833333,B:maj,22.35865
21,21.421150075,,
22,22.358650075,F#:maj,24.23365
23,23.296150075,,
24,24.233650075,Ab:min,26.10865
25,25.171150075,,
26,26.108650075,F#:maj,27.98365
27,27.046150075,,
28,27.983650075,Ab:min,29.85865
29,28.921150075,,
30,29.858650075,F#:maj,31.73365
31,30.796150075,,
32,31.733650075,C#:min,33.60865
33,32.671150075,,
34,33.608650075,F#:maj,35.48365
35,34.546150075,,
36,35.483650075,B:maj,37.35865
37,36.421150075,,
38,37.358650075,F#:maj,39.23365
39,38.296150075,,
40,39.233650075,E:maj,41.10865
41,40.171150075,,
42,41.108650075,F#:maj,42.98365
43,42.046150075,,
44,42.983650075,Ab:min,44.85865
45,43.921150075,,
46,44.858650075,Eb:min/b3,46.73365
47,45.796150075,,
48,46.733650075,C#:min,48.60865
49,47.671150075,,
50,48.608650075,F#:maj,50.48365
51,49.546150075,,
52,50.483650075,B:maj,52.35865
53,51.421150075,,
54,52.358650075,F#:maj,54.23365
55,53.296150075,,
56,54.233650075,Ab:min,56.10865
57,55.171150075,,
58,56.108650075,Eb:min,57.98365
59,57.046150075,,
60,57.983650075,E:maj,59.85865
61,58.921150075,,
62,59.858650075,C#:min,61.73365
63,60.796150075,,
64,61.733650075,E:maj,63.60865
65,62.671150075,,
66,63.608650075,F#:maj,65.48365
67,64.546150075,,
68,65.483650075,B:maj,67.35865
69,66.421150075,,
70,67.358650075,F#:maj,69.23365
71,68.296150075,,
72,69.233650075,Ab:min,71.10865
73,70.171150075,,
74,71.108650075,Eb:min,72.98365
75,72.046150075,,
76,72.983650075,E:maj,74.85865
77,73.921150075,,
78,74.858650075,Eb:min,76.73365
79,75.796150075,,
80,76.733650075,C#:min7,78.60865
81,77.671150075,,
82,78.608650075,F#:maj,80.48365
83,79.546150075,,
84,80.483650075,B:sus2,82.370653
85,81.421150075,,
86,82.370653264,B:maj,84.268326
87,83.33082638124999,,
88,84.26832638124999,B:maj,88.018326
89,85.20582638124999,,
90,86.14332638124999,,
91,87.08082638124999,,
92,88.01832638124999,Ab:min,89.893326
93,88.95582638124999,,
94,89.89332638124999,E:maj,91.768326
95,90.83082638125,,
96,91.76832638125,Ab:min,93.643326
97,92.70582638125,,
98,93.64332638125,Eb:min/b3,95.518326
99,94.58082638125,,
100,95.51832638125,E:maj,98.330826
101,96.45582638125,,
102,97.39332638125,,
103,98.33082638125,F#:7/5,99.268326
104,99.26832638125,B:maj,101.143326
105,100.20582638125,,
106,101.14332638125,F#:maj,103.018326
107,102.08082638125,,
108,103.01832638125,E:maj,104.893326
109,103.95582638125,,
110,104.89332638125,F#:maj,106.768326
111,105.83082638125,,
112,106.76832638125,Ab:min,108.643326
113,107.70582638125,,
114,108.64332638125,Eb:min/b3,110.518326
115,109.58082638125,,
116,110.51832638125,C#:min,112.393326
117,111.45582638125,,
118,112.39332638125,F#:maj,114.268326
119,113.33082638125,,
120,114.26832638125,B:maj,116.143326
121,115.20582638125,,
122,116.14332638125,F#:maj,118.018326
123,117.08082638125,,
124,118.01832638125,Ab:min,119.893326
125,118.95582638125,,
126,119.89332638125,Eb:min,121.768326
127,120.83082638125,,
128,121.76832638124998,E:maj,123.643326
129,122.70582638124998,,
130,123.64332638124998,C#:min,125.518326
131,124.58082638124998,,
132,125.51832638124998,E:maj,127.393326
133,126.45582638124998,,
134,127.39332638124998,F#:maj,129.268326
135,128.33082638124998,,
136,129.26832638124998,B:maj,131.143326
137,130.20582638124998,,
138,131.14332638124998,F#:maj,133.018326
139,132.08082638124998,,
140,133.01832638124998,Ab:min,134.893326
141,133.95582638124998,,
142,134.89332638124998,Eb:min,136.768326
143,135.83082638124998,,
144,136.76832638124998,E:maj,138.643326
145,137.70582638124998,,
146,138.64332638124998,Eb:min,140.518326
147,139.58082638124998,,
148,140.51832638124998,C#:min7,142.393326
149,141.45582638124998,,
150,142.39332638124998,F#:maj,144.268326
151,143.33082638124998,,
152,144.26832638124998,B:sus2,146.143326
153,145.20582638124998,,
154,146.14332638124998,B:maj,148.018326
155,147.08082638125,,
156,148.01832638125,E:maj,150.830826
157,148.95582638125,,
158,149.89332638125,,
159,150.83082638125,Eb:min/b3,151.768326
160,151.76832638125,Ab:min,153.643326
161,152.70582638125,,
162,153.64332638125,F#:maj,155.518326
163,154.58082638125,,
164,155.51832638125,C#:min,157.393326
165,156.45582638125,,
166,157.39332638125,E:maj,159.268326
167,158.33082638125,,
168,159.26832638125,F#:maj,163.018326
169,160.20582638125,,
170,161.14332638125,,
171,162.08082638125,,
172,163.01832638125,B:maj,164.893326
173,163.95582638125,,
174,164.89332638125,F#:maj,166.768326
175,165.83082638125,,
176,166.76832638125,Ab:min,168.643326
177,167.70582638125,,
178,168.64332638125,Eb:min,170.518326
179,169.58082638125,,
180,170.51832638125,E:maj,172.393326
181,171.45582638125,,
182,172.39332638125,C#:min,174.268326
183,173.33082638125,,
184,174.26832638125,E:maj,176.143326
185,175.20582638125,,
186,176.14332638125,F#:maj,178.018326
187,177.08082638125,,
188,178.01832638125,B:maj,179.893326
189,178.95582638125,,
190,179.89332638125,F#:maj,181.768326
191,180.83082638125,,
192,181.76832638125,Ab:min,183.643326
193,182.70582638125,,
194,183.64332638125,Eb:min,185.518326
195,184.58082638125,,
196,185.51832638125,E:maj,187.393326
197,186.45582638125,,
198,187.39332638125,Eb:min,189.268326
199,188.33082638125,,
200,189.26832638125,C#:min7,191.143326
201,190.20582638125,,
202,191.14332638125,F#:maj,193.018326
203,192.08082638125,,
204,193.01832638125,Ab:min,196.768326
205,193.95582638125,,
206,194.89332638125,,
207,195.83082638125,,
208,196.76832638125,C#:min,198.643326
209,197.70582638125,,
210,198.64332638125,F#:maj,200.518326
211,199.58082638125,,
212,200.51832638125,B:sus2,202.393326
213,201.45582638125,,
214,202.39332638125,B:maj,204.268326
215,203.33082638125,,
216,204.26832638125,C#:min7,206.143326
217,205.20582638125,,
218,206.14332638125,F#:maj,208.018326
219,207.08082638125,,
220,208.01832638125,F#:sus4,208.993474
221,208.99347389125,Ab:min/b3,210.046104
222,210.04610389125,F#:maj/3,212.151364
223,211.09873389125,,
224,212.15136389125,Ab:maj,214.256624
225,213.20399389125,,
226,214.25662389125,C#:min/b3,216.361884
227,215.30925389125,,
228,216.36188389125,Ab:min/b3,218.467144
229,217.41451389125,,
230,218.46714389125,F#:maj,220.572404
231,219.51977389125,,
232,220.57240389125,C#:min/b3,224.782924
233,221.62503389125,,
234,222.67766389125,,
235,223.73029389125,,
236,224.78292389125,B:sus2,226.888184
237,225.83555389125,,
238,226.88818389125,Ab:min/b3,231.098704
239,227.94081389125,,
240,228.99344389125,,
241,230.04607389125,,
